2.95 0.00
2.94 0.01
2.94 0.00
2.94 0.00
2.94 0.03
2.94 0.07
2.94 0.06
2.94 0.04
2.95 0.03
2.95 0.03
2.95 0.08
2.95 0.10
2.95 0.11
2.96 0.13
2.96 0.15
2.96 0.16
2.96 0.16
2.96 0.15
2.97 0.13
2.97 0.10
2.97 0.07
2.97 0.04
2.97 0.00
2.97 0.00
2.98 0.00
2.98 0.00
2.98 0.00
2.98 0.00
2.99 0.00
2.99 0.00
2.99 0.00
2.99 0.00
2.99 0.00
3.00 0.00
3.00 0.00
3.00 0.00
3.00 0.00
3.00 0.00
3.00 0.00
3.01 0.00
3.01 0.00
3.01 0.00
3.01 0.00
3.01 0.00
3.02 0.00
3.02 0.00
3.02 0.00
3.02 0.00
3.03 0.00
3.03 0.00
3.03 0.00
3.03 0.00
3.03 0.00
3.04 0.00
3.04 0.00
3.04 0.00
3.04 0.00
3.04 0.00
3.05 0.00
3.05 0.00
3.05 0.00
3.05 0.00
3.05 0.00
3.06 0.00
3.06 0.00
3.06 0.00
3.06 0.00
3.06 0.00
3.07 0.00
3.07 0.00
3.07 0.00
3.07 0.00
3.08 0.00
3.08 0.00
3.08 0.00
3.08 0.00
3.09 0.00
3.09 0.00
3.09 0.01
3.10 0.03
3.10 0.04
3.10 0.05
3.10 0.06
3.11 0.06
3.11 0.05
3.11 0.05
3.12 0.04
3.12 0.03
3.12 0.02
3.12 0.01
3.13 0.01
3.13 0.02
3.13 0.04
3.14 0.03
3.14 0.03
3.14 0.02
3.15 0.02
3.15 0.02
3.15 0.03
3.16 0.04
3.16 0.02
3.16 0.02
3.16 0.03
3.17 0.04
3.17 0.04
3.17 0.04
3.18 0.03
3.18 0.03
3.18 0.02
3.19 0.03
3.19 0.04
3.19 0.05
3.20 0.04
3.20 0.05
3.20 0.05
3.20 0.05
3.21 0.05
3.21 0.05
3.21 0.04
3.22 0.03
3.22 0.03
3.22 0.03
3.24 0.03
3.25 0.04
3.25 0.06
3.25 0.06
3.26 0.07
3.26 0.09
3.26 0.09
3.26 0.09
3.27 0.10
3.27 0.09
3.27 0.08
3.27 0.09
3.28 0.10
3.28 0.10
3.28 0.11
3.28 0.13
3.29 0.13
3.29 0.15
3.29 0.17
3.29 0.18
3.29 0.18
3.30 0.21
3.30 0.21
3.30 0.19
3.31 0.19
3.31 0.19
3.31 0.18
3.31 0.16
3.32 0.14
3.32 0.12
3.32 0.10
3.32 0.12
3.33 0.15
3.33 0.17
3.33 0.18
3.33 0.17
3.34 0.19
3.34 0.19
3.34 0.18
3.35 0.16
3.35 0.15
3.35 0.12
3.35 0.10
3.36 0.09
3.36 0.09
3.36 0.08
3.36 0.07
3.37 0.06
3.37 0.06
3.37 0.05
3.37 0.04
3.38 0.05
3.38 0.05
3.38 0.04
3.38 0.03
3.39 0.03
3.39 0.02
3.39 0.01
3.40 0.00
3.40 0.00
3.40 0.00
3.40 0.00
3.41 0.00
3.41 0.00
3.41 0.00
3.42 0.00
3.42 0.00
3.42 0.00
3.42 0.00
3.43 0.00
3.43 0.00
3.43 0.00
3.43 0.00
3.44 0.00
3.44 0.00
3.44 0.00
3.44 0.00
3.45 0.00
3.45 0.00
3.45 0.00
3.45 0.00
3.46 0.00
3.46 0.00
3.46 0.00
3.47 0.00
3.47 0.00
3.47 0.00
3.47 0.00
3.48 0.00
3.48 0.00
3.48 0.00
3.49 0.00
3.49 0.00
3.49 0.00
3.49 0.00
3.50 0.00
3.50 0.01
3.50 0.02
3.50 0.01
3.51 0.00
3.51 0.00
3.51 0.00
3.52 0.00
3.52 0.00
3.52 0.00
3.53 0.00
3.53 0.00
3.53 0.00
3.54 0.00
3.54 0.00
3.54 0.00
3.54 0.00
3.55 0.00
3.55 0.00
3.55 0.00
3.55 0.00
3.56 0.00
3.56 0.00
3.56 0.00
3.57 0.00
3.57 0.00
3.58 0.00
3.59 0.00
3.59 0.00
3.59 0.00
3.59 0.00
3.60 0.00
3.60 0.00
3.60 0.00
3.61 0.00
3.61 0.00
3.61 0.00
3.61 0.00
3.62 0.00
3.62 0.00
3.62 0.00
3.62 0.00
3.63 0.00
3.63 0.00
3.63 0.00
3.64 0.00
3.64 0.00
3.64 0.00
3.64 0.00
3.65 0.00
3.65 0.00
3.65 0.00
3.66 0.00
3.66 0.00
3.66 0.00
3.66 0.00
3.67 0.00
3.67 0.00
3.67 0.00
3.67 0.00
3.68 0.00
3.68 0.00
3.68 0.00
3.69 0.00
3.69 0.00
3.69 0.00
3.69 0.00
3.70 0.00
3.70 0.00
3.70 0.00
3.71 0.00
3.71 0.00
3.71 0.00
3.71 0.00
3.72 0.00
3.72 0.00
3.72 0.00
3.72 0.00
3.73 0.00
3.73 0.00
3.73 0.00
3.74 0.00
3.74 0.00
3.74 0.00
3.75 0.00
3.75 0.00
3.75 0.00
3.75 0.00
3.76 0.00
3.76 0.00
3.76 0.00
3.77 0.00
3.77 0.00
3.77 0.00
3.77 0.00
3.78 0.00
3.78 0.00
3.78 0.00
3.79 0.00
3.79 0.00
3.79 0.00
3.79 0.00
3.80 0.00
3.80 0.00
3.80 0.00
3.81 0.00
3.81 0.00
3.81 0.00
3.81 0.00
3.82 0.00
3.82 0.00
3.82 0.00
3.82 0.00
3.83 0.00
3.83 0.00
3.83 0.00
3.83 0.00
3.84 0.00
3.84 0.00
3.84 0.00
3.85 0.02
3.85 0.03
3.85 0.05
3.85 0.05
3.86 0.06
3.86 0.06
3.86 0.05
3.86 0.03
3.86 0.02
3.87 0.02
3.87 0.02
3.87 0.01
3.87 0.00
3.88 0.00
3.88 0.00
3.88 0.00
3.89 0.00
3.89 0.00
3.90 0.00
3.90 0.00
3.90 0.00
3.90 0.00
3.90 0.00
3.91 0.00
3.91 0.00
3.91 0.00
3.91 0.00
3.91 0.00
3.92 0.00
3.92 0.00
3.92 0.00
3.92 0.00
3.92 0.00
3.93 0.00
3.93 0.00
3.93 0.00
3.93 0.00
3.93 0.00
3.93 0.00
3.94 0.00
3.94 0.00
3.94 0.00
3.94 0.00
3.94 0.00
3.95 0.00
3.95 0.00
3.95 0.00
3.95 0.00
3.95 0.00
3.95 0.00
3.96 0.00
3.96 0.00
3.96 0.00
3.96 0.00
3.96 0.00
3.97 0.00
3.97 0.00
3.97 0.00
3.97 0.00
3.97 0.00
3.97 0.00
3.97 0.00
3.97 0.00
3.97 0.00
3.98 0.00
3.98 0.00
3.98 0.00
3.98 0.00
3.98 0.00
3.98 0.00
3.98 0.00
3.99 0.00
3.99 0.00
3.99 0.00
3.99 0.00
4.00 0.00
4.00 0.00
4.00 0.00
4.00 0.00
4.01 0.00
4.01 0.00
4.01 0.00
4.01 0.00
4.01 0.00
4.02 0.00
4.02 0.00
4.02 0.00
4.03 0.00
4.03 0.00
4.04 0.00
4.04 0.00
4.04 0.00
4.04 0.00
4.04 0.00
4.04 0.00
4.05 0.00
4.05 0.00
4.05 0.00
4.06 0.00
4.06 0.00
4.06 0.00
4.06 0.00
4.07 0.00
4.07 0.00
4.07 0.00
4.08 0.00
4.08 0.00
4.08 0.00
4.08 0.00
4.09 0.00
4.09 0.00
4.09 0.00
4.09 0.00
4.10 0.00
4.10 0.00
4.10 0.00
4.11 0.00
4.11 0.00
4.11 0.00
4.12 0.00
4.12 0.00
4.13 0.00
4.13 0.00
4.13 0.00
4.13 0.00
4.14 0.00
4.14 0.00
4.14 0.00
4.15 0.00
4.15 0.00
4.15 0.00
4.16 0.00
4.15 0.00
4.15 0.00
4.16 0.00
4.16 0.00
4.16 0.00
4.16 0.00
4.17 0.00
4.17 0.00
4.17 0.00
4.17 0.00
4.18 0.00
4.18 0.00
4.18 0.00
4.18 0.00
4.19 0.00
4.19 0.00
4.19 0.00
4.19 0.00
4.20 0.00
4.20 0.00
4.20 0.00
4.20 0.00
4.20 0.00
4.20 0.00
4.20 0.00
4.21 0.00
4.21 0.00
4.21 0.00
4.21 0.00
4.21 0.00
4.21 0.00
4.22 0.00
4.22 0.00
4.22 0.00
4.22 0.00
4.22 0.00
4.22 0.00
4.22 0.00
4.22 0.00
4.22 0.00
4.22 0.00
4.22 0.00
4.22 0.00
4.22 0.00
4.22 0.00
4.22 0.00
4.22 0.00
4.22 0.00
4.22 0.00
4.22 0.00
4.22 0.00
4.22 0.00
4.22 0.00
4.22 0.00
4.22 0.00
4.22 0.00
4.22 0.00
4.22 0.00
4.22 0.00
4.22 0.00
4.22 0.00
4.22 0.00
4.22 0.00
4.22 0.00
4.22 0.00
4.22 0.00
4.22 0.00
4.21 0.00
4.21 0.00
4.21 0.00
4.21 0.00
4.21 0.01
4.21 0.01
4.21 0.01
4.21 0.01
4.20 0.00
4.20 0.00
4.20 0.00
4.20 0.00
4.20 0.00
4.19 0.00
4.19 0.00
4.19 0.00
4.19 0.00
4.19 0.00
4.19 0.00
4.18 0.00
4.18 0.00
4.18 0.00
4.18 0.00
4.18 0.00
4.18 0.00
4.18 0.00
4.18 0.00
4.18 0.00
4.18 0.00
4.17 0.00
4.17 0.00
4.17 0.00
4.17 0.00
4.17 0.00
4.17 0.00
4.17 0.00
4.17 0.00
4.17 0.00
4.17 0.00
4.17 0.00
4.17 0.00
4.17 0.00
4.17 0.00
4.17 0.00
4.17 0.00
4.17 0.00
4.17 0.00
4.18 0.00
4.18 0.01
4.18 0.02
4.18 0.02
4.18 0.02
4.18 0.02
4.18 0.01
4.18 0.00
4.18 0.00
4.18 0.00
4.18 0.00
4.18 0.00
4.18 0.00
4.18 0.00
4.19 0.00
4.19 0.00
4.19 0.00
4.19 0.00
4.19 0.00
4.19 0.00
4.19 0.00
4.19 0.00
4.19 0.00
4.19 0.00
4.20 0.00
4.20 0.00
4.20 0.00
4.20 0.00
4.20 0.00
4.20 0.00
4.20 0.00
4.20 0.00
4.20 0.00
4.20 0.00
4.20 0.00
4.21 0.00
4.21 0.00
4.21 0.00
4.21 0.00
4.21 0.00
4.21 0.00
4.21 0.00
4.22 0.00
4.22 0.00
4.22 0.00
4.22 0.00
4.22 0.00
4.22 0.00
4.22 0.00
4.23 0.00
4.23 0.00
4.23 0.00
4.23 0.00
4.23 0.00
4.23 0.00
4.23 0.00
4.23 0.00
4.24 0.00
4.24 0.00
4.24 0.00
4.24 0.00
4.24 0.00
4.24 0.00
4.24 0.00
4.25 0.00
4.25 0.00
4.25 0.00
4.25 0.00
4.25 0.00
4.25 0.00
4.26 0.00
4.26 0.00
4.26 0.00
4.26 0.00
4.26 0.00
4.26 0.00
4.26 0.00
4.27 0.00
4.27 0.00
4.27 0.00
4.27 0.00
4.27 0.00
4.27 0.00
4.27 0.00
4.28 0.00
4.28 0.00
4.28 0.00
4.28 0.00
4.28 0.00
4.28 0.00
4.28 0.00
4.29 0.00
4.29 0.00
4.29 0.00
4.29 0.00
4.29 0.00
4.29 0.00
4.29 0.00
4.30 0.00
4.30 0.00
4.30 0.00
4.30 0.00
4.30 0.00
4.30 0.00
4.31 0.00
4.31 0.00
4.31 0.00
4.31 0.00
4.31 0.00
4.31 0.00
4.32 0.00
4.32 0.00
4.32 0.00
4.32 0.00
4.32 0.00
4.32 0.00
4.32 0.00
4.33 0.00
4.33 0.00
4.33 0.00
4.33 0.00
4.33 0.00
4.33 0.00
4.34 0.00
4.34 0.00
4.34 0.00
4.34 0.00
4.34 0.00
4.34 0.00
4.35 0.00
4.35 0.00
4.35 0.00
4.35 0.00
4.35 0.00
4.35 0.00
4.35 0.00
4.35 0.00
4.36 0.00
4.36 0.00
4.36 0.01
4.36 0.00
4.36 0.00
4.36 0.00
4.37 0.00
4.37 0.00
4.37 0.00
4.37 0.00
4.37 0.00
4.37 0.01
4.38 0.02
4.38 0.03
4.38 0.05
4.38 0.06
4.38 0.06
4.38 0.06
4.39 0.04
4.39 0.04
4.39 0.05
4.39 0.04
4.39 0.03
4.39 0.02
4.40 0.02
4.40 0.01
4.40 0.01
4.40 0.01
4.40 0.01
4.40 0.00
4.41 0.00
4.41 0.00
4.41 0.00
4.41 0.00
4.41 0.00
4.42 0.00
4.42 0.00
4.42 0.00
4.42 0.00
4.42 0.00
4.42 0.00
4.42 0.00
4.42 0.00
4.42 0.00
4.43 0.00
4.43 0.00
4.43 0.00
4.43 0.00
4.43 0.00
4.43 0.00
4.43 0.00
4.44 0.00
4.44 0.00
4.44 0.00
4.44 0.00
4.44 0.00
4.44 0.00
4.44 0.00
4.44 0.00
4.44 0.00
4.45 0.01
4.45 0.02
4.45 0.03
4.45 0.03
4.45 0.02
4.45 0.02
4.45 0.02
4.45 0.03
4.45 0.05
4.46 0.06
4.46 0.09
4.46 0.11
4.46 0.13
4.46 0.13
4.46 0.13
4.46 0.12
4.46 0.13
4.46 0.14
4.46 0.11
4.46 0.09
4.47 0.09
4.47 0.08
4.47 0.08
4.47 0.07
4.47 0.06
4.47 0.04
4.47 0.03
4.47 0.02
4.47 0.03
4.47 0.03
4.47 0.04
4.47 0.05
4.47 0.06
4.47 0.06
4.48 0.06
4.48 0.08
4.48 0.07
4.48 0.06
4.48 0.07
4.48 0.07
4.48 0.06
4.48 0.06
4.48 0.06
4.48 0.07
4.48 0.08
4.49 0.08
4.49 0.08
4.49 0.09
4.49 0.09
4.49 0.09
4.49 0.08
4.49 0.07
4.49 0.05
4.49 0.05
4.49 0.04
4.49 0.02
4.49 0.02
4.49 0.03
4.49 0.04
4.49 0.04
4.49 0.03
4.50 0.02
4.50 0.02
4.50 0.01
4.50 0.00
4.50 0.00
4.50 0.00
4.50 0.00
4.50 0.00
4.50 0.00
4.50 0.00
4.50 0.00
4.51 0.00
4.51 0.00
4.51 0.00
4.51 0.00
4.51 0.00
4.51 0.00
4.51 0.00
4.51 0.00
4.51 0.00
4.51 0.00
4.52 0.00
4.52 0.00
4.52 0.00
4.52 0.00
4.52 0.00
4.52 0.00
4.52 0.00
4.52 0.00
4.53 0.00
4.53 0.00
4.53 0.00
4.53 0.00
4.53 0.00
4.53 0.00
4.53 0.00
4.53 0.00
4.54 0.00
4.54 0.00
4.54 0.00
4.54 0.00
4.54 0.00
4.54 0.00
4.54 0.00
4.54 0.00
4.54 0.00
4.55 0.00
4.55 0.00
4.55 0.00
4.55 0.00
4.55 0.00
4.55 0.00
4.55 0.00
4.55 0.00
4.56 0.00
4.56 0.00
4.56 0.00
4.56 0.00
4.56 0.00
4.56 0.00
4.56 0.00
4.57 0.00
4.57 0.00
4.57 0.00
4.57 0.00
4.57 0.00
4.57 0.00
4.57 0.00
4.58 0.00
4.58 0.00
4.58 0.00
4.58 0.00
4.58 0.00
4.58 0.00
4.58 0.00
4.59 0.00
4.59 0.00
4.59 0.00
4.59 0.00
4.59 0.00
4.59 0.00
4.59 0.00
4.60 0.00
4.60 0.00
4.60 0.00
4.60 0.00
4.60 0.01
4.60 0.00
4.61 0.00
4.61 0.00
4.61 0.00
4.61 0.00
4.61 0.01
4.62 0.00
4.62 0.00
4.62 0.00
4.62 0.00
4.63 0.00
4.63 0.00
4.63 0.00
4.63 0.00
4.64 0.00
4.64 0.00
4.64 0.00
4.64 0.00
4.65 0.01
4.65 0.02
4.65 0.01
4.66 0.01
4.66 0.02
4.66 0.02
4.66 0.02
4.66 0.02
4.67 0.01
4.67 0.00
4.67 0.00
4.68 0.00
4.68 0.00
4.68 0.00
4.68 0.00
4.69 0.00
4.69 0.00
4.69 0.00
4.70 0.00
4.70 0.00
4.70 0.00
4.70 0.00
4.71 0.00
4.71 0.00
4.71 0.00
4.71 0.00
4.72 0.00
4.72 0.00
4.72 0.00
4.73 0.00
4.73 0.00
4.73 0.00
4.73 0.00
4.74 0.00
4.74 0.00
4.74 0.00
4.74 0.00
4.75 0.00
4.75 0.00
4.75 0.00
4.75 0.00
4.76 0.00
4.76 0.00
4.78 0.00
4.79 0.00
4.79 0.00
4.80 0.00
4.80 0.00
4.80 0.00
4.80 0.00
4.81 0.00
4.81 0.00
4.81 0.00
4.81 0.00
4.82 0.00
4.82 0.00
4.82 0.00
4.82 0.00
4.83 0.00
4.83 0.00
4.83 0.00
4.84 0.00
4.84 0.00
4.84 0.00
4.84 0.00
4.85 0.00
4.85 0.00
4.85 0.00
4.85 0.00
4.86 0.00
4.86 0.00
4.86 0.00
4.86 0.00
4.86 0.00
4.87 0.00
4.87 0.00
4.87 0.00
4.87 0.00
4.87 0.00
4.88 0.00
4.88 0.00
4.88 0.00
4.88 0.00
4.88 0.00
4.89 0.00
4.89 0.00
4.89 0.00
4.89 0.00
4.89 0.00
4.90 0.00
4.90 0.00
4.90 0.00
4.90 0.00
4.90 0.00
4.90 0.00
4.90 0.00
4.90 0.00
4.90 0.00
4.91 0.01
4.91 0.03
4.91 0.03
4.91 0.02
4.91 0.01
4.91 0.00
4.91 0.00
4.91 0.00
4.91 0.00
4.91 0.00
4.91 0.00
4.92 0.00
4.92 0.00
4.92 0.00
4.92 0.00
4.92 0.00
4.92 0.00
4.92 0.00
4.92 0.00
4.92 0.00
4.92 0.00
4.92 0.00
4.93 0.00
4.93 0.00
4.93 0.00
4.93 0.00
4.93 0.00
4.93 0.00
4.93 0.00
4.93 0.00
4.93 0.00
4.94 0.00
4.94 0.00
4.94 0.00
4.94 0.00
4.94 0.00
4.94 0.00
4.94 0.00
4.94 0.00
4.94 0.00
4.95 0.00
4.95 0.00
4.95 0.00
4.95 0.00
4.95 0.00
4.95 0.00
4.95 0.00
4.95 0.00
4.95 0.00
4.96 0.00
4.96 0.00
4.96 0.00
4.96 0.00
4.96 0.00
4.96 0.00
4.96 0.00
4.96 0.00
4.96 0.00
4.97 0.00
4.97 0.00
4.97 0.00
4.97 0.00
4.97 0.00
4.97 0.00
4.97 0.00
4.98 0.00
4.98 0.00
4.98 0.00
4.98 0.00
4.98 0.00
4.98 0.00
4.98 0.00
4.99 0.00
4.99 0.00
4.99 0.00
4.99 0.00
4.99 0.00
4.99 0.00
4.99 0.00
4.99 0.00
4.99 0.00
5.00 0.00
5.00 0.00
5.00 0.00
5.00 0.00
5.00 0.00
5.00 0.00
5.00 0.00
5.00 0.00
5.00 0.00
5.00 0.00
5.01 0.00
5.01 0.00
5.01 0.00
5.01 0.01
5.01 0.02
5.01 0.03
5.01 0.03
5.01 0.03
5.01 0.05
5.01 0.06
5.02 0.05
5.02 0.05
5.02 0.04
5.02 0.04
5.02 0.05
5.02 0.05
5.02 0.04
5.03 0.03
5.03 0.03
5.03 0.03
5.03 0.02
5.03 0.02
5.03 0.02
5.04 0.02
5.04 0.03
5.04 0.02
5.04 0.03
5.04 0.04
5.05 0.03
5.05 0.02
5.05 0.02
5.05 0.01
5.05 0.00
5.06 0.00
5.06 0.00
5.06 0.00
5.06 0.00
5.07 0.01
5.07 0.00
5.07 0.00
5.07 0.01
5.07 0.00
5.08 0.00
5.08 0.00
5.08 0.00
5.08 0.00
5.09 0.00
5.09 0.00
5.09 0.00
5.09 0.00
5.09 0.00
5.10 0.01
5.10 0.03
5.10 0.02
5.10 0.02
5.11 0.03
5.11 0.04
5.11 0.04
5.11 0.05
5.12 0.05
5.12 0.04
5.12 0.05
5.12 0.07
5.12 0.07
5.13 0.07
5.13 0.08
5.13 0.08
5.13 0.06
5.14 0.07
5.14 0.07
5.14 0.06
5.14 0.05
5.15 0.04
5.15 0.03
5.15 0.02
5.15 0.02
5.16 0.02
5.16 0.02
5.16 0.03
5.17 0.03
5.17 0.03
5.17 0.03
5.17 0.04
5.18 0.04
5.18 0.05
5.18 0.06
5.18 0.09
5.19 0.12
5.19 0.13
5.19 0.13
5.20 0.13
5.20 0.13
5.20 0.13
5.20 0.12
5.21 0.10
5.21 0.09
5.21 0.09
5.22 0.10
5.22 0.11
5.22 0.13
5.23 0.14
5.23 0.15
5.23 0.15
5.23 0.15
5.24 0.15
5.24 0.15
5.24 0.14
5.25 0.12
5.25 0.12
5.25 0.12
5.26 0.12
5.26 0.11
5.26 0.10
5.27 0.09
5.27 0.08
5.27 0.08
5.28 0.07
5.28 0.06
5.28 0.06
5.29 0.06
5.29 0.08
5.29 0.08
5.29 0.07
5.30 0.07
5.30 0.07
5.30 0.07
5.31 0.07
5.31 0.06
5.31 0.03
5.32 0.01
5.32 0.01
5.32 0.00
5.33 0.00
5.33 0.00
5.33 0.00
5.34 0.00
5.34 0.00
5.35 0.00
5.35 0.02
5.35 0.03
5.36 0.05
5.36 0.07
5.36 0.09
5.37 0.10
5.37 0.11
5.37 0.13
5.38 0.14
5.38 0.16
5.38 0.18
5.39 0.20
5.39 0.21
5.39 0.23
5.40 0.23
5.40 0.23
5.41 0.23
5.41 0.21
5.41 0.20
5.42 0.18
5.42 0.17
5.43 0.15
5.43 0.14
5.43 0.13
5.44 0.12
5.44 0.11
5.44 0.11
5.45 0.10
5.45 0.08
5.46 0.07
5.46 0.07
5.46 0.08
5.47 0.10
5.47 0.11
5.47 0.12
5.48 0.12
5.48 0.13
5.49 0.13
5.49 0.14
5.49 0.14
5.50 0.15
5.50 0.16
5.51 0.18
5.51 0.21
5.51 0.25
5.52 0.27
5.52 0.29
5.53 0.31
5.53 0.32
5.54 0.31
5.54 0.28
5.54 0.25
5.55 0.22
5.55 0.22
5.56 0.23
5.56 0.25
5.56 0.28
5.57 0.33
5.57 0.39
5.58 0.47
5.58 0.53
5.58 0.58
5.59 0.59
5.59 0.58
5.60 0.57
5.60 0.56
5.61 0.55
5.61 0.53
5.61 0.52
5.62 0.50
5.62 0.51
5.63 0.52
5.63 0.52
5.64 0.50
5.64 0.47
5.64 0.44
5.65 0.40
5.65 0.36
5.66 0.32
5.66 0.29
5.67 0.25
5.67 0.23
5.68 0.20
5.68 0.20
5.68 0.21
5.69 0.22
5.69 0.23
5.70 0.22
5.70 0.21
5.71 0.20
5.71 0.19
5.72 0.17
5.72 0.12
5.73 0.10
5.73 0.08
5.73 0.08
5.74 0.07
5.74 0.08
5.75 0.10
5.75 0.13
5.76 0.14
5.76 0.15
5.76 0.14
5.77 0.14
5.77 0.13
5.78 0.12
5.78 0.11
5.79 0.08
5.79 0.06
5.80 0.05
5.80 0.04
5.81 0.04
5.81 0.05
5.82 0.05
5.82 0.04
5.83 0.03
5.83 0.02
5.83 0.02
5.84 0.02
5.84 0.01
5.85 0.00
5.85 0.00
5.86 0.00
5.86 0.00
5.87 0.00
5.87 0.00
5.88 0.00
5.88 0.00
5.89 0.00
5.89 0.00
5.89 0.00
5.90 0.00
5.90 0.00
5.91 0.00
5.91 0.00
5.92 0.00
5.92 0.00
5.93 0.00
5.93 0.00
5.94 0.00
5.94 0.00
5.95 0.00
5.95 0.00
5.96 0.00
5.96 0.00
5.97 0.00
5.97 0.00
5.98 0.00
5.98 0.00
5.99 0.00
5.99 0.00
6.00 0.00
6.00 0.00
6.01 0.00
6.01 0.00
6.02 0.00
6.02 0.00
6.02 0.00
6.03 0.00
6.03 0.00
6.04 0.00
6.04 0.00
6.05 0.00
6.05 0.00
6.06 0.00
6.06 0.00
6.07 0.00
6.07 0.00
6.08 0.00
6.08 0.00
6.09 0.00
6.09 0.00
6.10 0.00
6.10 0.00
6.11 0.00
6.11 0.00
6.12 0.00
6.12 0.00
6.12 0.00
6.13 0.00
6.13 0.00
6.14 0.00
6.14 0.00
6.15 0.00
6.15 0.00
6.16 0.00
6.18 0.00
6.19 0.00
6.20 0.00
6.20 0.00
6.21 0.00
6.21 0.00
6.21 0.01
6.22 0.01
6.22 0.00
6.23 0.00
6.23 0.00
6.24 0.00
6.24 0.00
6.24 0.00
6.25 0.00
6.25 0.00
6.26 0.00
6.26 0.00
6.27 0.00
6.27 0.00
6.28 0.00
6.28 0.00
6.28 0.00
6.29 0.00
6.29 0.00
6.30 0.00
6.30 0.00
6.31 0.00
6.31 0.01
6.31 0.02
6.32 0.02
6.32 0.02
6.33 0.02
6.33 0.03
6.34 0.04
6.34 0.05
6.35 0.05
6.35 0.05
6.35 0.05
6.36 0.06
6.36 0.07
6.37 0.07
6.37 0.05
6.38 0.03
6.38 0.03
6.39 0.02
6.39 0.00
6.40 0.00
6.40 0.00
6.40 0.00
6.41 0.00
6.41 0.00
6.42 0.00
6.42 0.00
6.42 0.00
6.43 0.00
6.43 0.00
6.44 0.00
6.44 0.00
6.44 0.00
6.45 0.00
6.45 0.00
6.46 0.00
6.46 0.00
6.47 0.00
6.47 0.00
6.48 0.00
6.48 0.00
6.48 0.00
6.49 0.00
6.49 0.00
6.50 0.00
6.50 0.00
6.51 0.00
6.51 0.00
6.51 0.00
6.52 0.00
6.52 0.00
6.53 0.00
6.53 0.00
6.54 0.00
6.54 0.00
6.55 0.00
6.55 0.00
6.55 0.00
6.56 0.00
6.56 0.00
6.57 0.00
6.57 0.00
6.57 0.00
6.58 0.00
6.58 0.00
6.59 0.00
6.59 0.00
6.60 0.00
6.60 0.00
6.60 0.00
6.61 0.00
6.61 0.00
6.62 0.00
6.62 0.00
6.63 0.00
6.63 0.00
6.64 0.00
6.64 0.00
6.64 0.00
6.65 0.00
6.65 0.00
6.66 0.00
6.66 0.00
6.67 0.00
6.67 0.00
6.67 0.00
6.68 0.00
6.68 0.00
6.69 0.00
6.69 0.00
6.70 0.00
6.70 0.00
6.71 0.00
6.71 0.00
6.71 0.00
6.72 0.00
6.72 0.00
6.73 0.00
6.73 0.00
6.74 0.00
6.74 0.00
6.74 0.00
6.75 0.00
6.75 0.00
6.76 0.00
6.76 0.00
6.76 0.00
6.77 0.00
6.77 0.00
6.78 0.00
6.78 0.00
6.79 0.00
6.79 0.00
6.80 0.00
6.80 0.00
6.80 0.00
6.81 0.00
6.81 0.00
6.82 0.00
6.82 0.00
6.83 0.00
6.83 0.00
6.84 0.00
6.84 0.00
6.85 0.00
6.85 0.00
6.85 0.00
6.86 0.00
6.86 0.00
6.87 0.00
6.89 0.00
6.90 0.00
6.90 0.00
6.91 0.00
6.91 0.00
6.92 0.00
6.92 0.00
6.92 0.00
6.93 0.00
6.93 0.00
6.94 0.00
6.94 0.00
6.95 0.00
6.95 0.00
6.96 0.00
6.96 0.01
6.96 0.02
6.97 0.02
6.97 0.02
6.98 0.02
6.98 0.01
6.98 0.00
6.99 0.00
6.99 0.00
7.00 0.00
7.00 0.00
7.00 0.00
7.01 0.00
7.01 0.00
7.01 0.00
7.02 0.00
7.02 0.01
7.03 0.02
7.03 0.02
7.03 0.01
7.04 0.00
7.04 0.00
7.04 0.00
7.05 0.00
7.05 0.00
7.06 0.00
7.06 0.00
7.06 0.00
7.07 0.00
7.07 0.00
7.07 0.00
7.08 0.00
7.08 0.00
7.09 0.00
7.09 0.00
7.09 0.00
7.10 0.00
7.10 0.00
7.10 0.00
7.11 0.00
7.11 0.00
7.11 0.00
7.12 0.00
7.12 0.00
7.12 0.00
7.13 0.00
7.13 0.00
7.13 0.00
7.14 0.00
7.14 0.00
7.15 0.00
7.15 0.00
7.15 0.00
7.16 0.00
7.16 0.00
7.16 0.00
7.17 0.00
7.17 0.00
7.17 0.00
7.18 0.00
7.18 0.00
7.18 0.00
7.18 0.00
7.19 0.00
7.19 0.00
7.19 0.00
7.20 0.00
7.20 0.00
7.20 0.00
7.21 0.00
7.21 0.00
7.21 0.00
7.21 0.00
7.22 0.00
7.22 0.00
7.22 0.00
7.23 0.00
7.23 0.00
7.23 0.00
7.23 0.00
7.24 0.00
7.24 0.00
7.24 0.00
7.24 0.00
7.25 0.00
7.25 0.00
7.25 0.00
7.26 0.00
7.26 0.00
7.26 0.00
7.26 0.00
7.27 0.00
7.27 0.00
7.27 0.00
7.27 0.00
7.28 0.00
7.28 0.00
7.28 0.00
7.28 0.00
7.29 0.00
7.29 0.00
7.29 0.00
7.29 0.00
7.30 0.00
7.30 0.00
7.30 0.00
7.30 0.00
7.31 0.00
7.31 0.00
7.31 0.00
7.31 0.00
7.32 0.00
7.32 0.00
7.32 0.00
7.32 0.00
7.33 0.00
7.33 0.00
7.33 0.00
7.33 0.00
7.33 0.00
7.34 0.00
7.34 0.00
7.34 0.00
7.34 0.00
7.35 0.00
7.35 0.00
7.35 0.00
7.35 0.00
7.35 0.00
7.36 0.00
7.36 0.00
7.36 0.00
7.36 0.00
7.37 0.00
7.37 0.00
7.37 0.00
7.37 0.00
7.38 0.00
7.38 0.00
7.38 0.00
7.38 0.00
7.39 0.00
7.39 0.00
7.39 0.00
7.39 0.00
7.39 0.00
7.40 0.00
7.40 0.00
7.40 0.00
7.40 0.00
7.40 0.00
7.41 0.00
7.41 0.00
7.41 0.00
7.41 0.00
7.42 0.00
7.42 0.00
7.42 0.00
7.42 0.00
7.42 0.00
7.43 0.00
7.43 0.00
7.43 0.00
7.43 0.00
7.44 0.00
7.44 0.00
7.44 0.00
7.44 0.00
7.44 0.00
7.45 0.00
7.45 0.00
7.45 0.00
7.45 0.00
7.45 0.00
7.46 0.00
7.46 0.00
7.46 0.00
7.46 0.00
7.47 0.00
7.47 0.00
7.47 0.00
7.47 0.00
7.47 0.00
7.48 0.00
7.48 0.00
7.48 0.00
7.48 0.00
7.48 0.00
7.49 0.00
7.49 0.00
7.49 0.00
7.49 0.00
7.49 0.00
7.50 0.00
7.50 0.00
7.50 0.00
7.50 0.00
7.50 0.00
7.51 0.00
7.51 0.00
7.51 0.00
7.51 0.00
7.52 0.00
7.52 0.00
7.52 0.00
7.52 0.00
7.52 0.00
7.53 0.00
7.53 0.00
7.53 0.00
7.53 0.00
7.53 0.00
7.54 0.00
7.54 0.00
7.54 0.00
7.54 0.00
7.54 0.00
7.55 0.00
7.55 0.00
7.55 0.00
7.55 0.00
7.55 0.00
7.56 0.00
7.56 0.00
7.56 0.00
7.56 0.00
7.57 0.00
7.57 0.00
7.57 0.00
7.57 0.00
7.57 0.00
7.58 0.00
7.58 0.00
7.58 0.00
7.58 0.00
7.58 0.00
7.59 0.00
7.59 0.00
7.59 0.00
7.59 0.00
7.60 0.00
7.60 0.00
7.60 0.00
7.60 0.00
7.60 0.00
7.61 0.00
7.61 0.00
7.61 0.00
7.61 0.00
7.61 0.00
7.62 0.00
7.62 0.00
7.62 0.00
7.62 0.00
7.63 0.00
7.63 0.00
7.63 0.00
7.63 0.00
7.63 0.00
7.64 0.00
7.64 0.00
7.64 0.00
7.64 0.00
7.65 0.00
7.65 0.00
7.65 0.00
7.65 0.00
7.65 0.00
7.66 0.00
7.66 0.00
7.66 0.00
7.66 0.00
7.66 0.00
7.67 0.00
7.67 0.00
7.67 0.00
7.67 0.00
7.68 0.00
7.68 0.00
7.68 0.00
7.68 0.00
7.68 0.00
7.69 0.00
7.69 0.00
7.69 0.00
7.69 0.00
7.70 0.00
7.70 0.00
7.70 0.00
7.70 0.00
7.70 0.00
7.71 0.00
7.71 0.00
7.71 0.00
7.71 0.00
7.72 0.00
7.72 0.00
7.72 0.00
7.72 0.00
7.72 0.00
7.73 0.00
7.73 0.00
7.73 0.00
7.73 0.00
7.74 0.00
7.74 0.00
7.74 0.00
7.74 0.00
7.74 0.00
7.75 0.00
7.75 0.00
7.75 0.00
7.75 0.00
7.76 0.00
7.76 0.00
7.76 0.00
7.76 0.00
7.77 0.00
7.77 0.00
7.77 0.00
7.77 0.00
7.77 0.00
7.78 0.00
7.78 0.00
7.78 0.00
7.78 0.00
7.79 0.00
7.79 0.00
7.79 0.00
7.79 0.00
7.80 0.00
7.80 0.00
7.80 0.00
7.80 0.00
7.80 0.00
7.81 0.00
7.81 0.00
7.81 0.00
7.81 0.00
7.82 0.00
7.82 0.00
7.82 0.00
7.82 0.00
7.83 0.00
7.83 0.00
7.83 0.00
7.83 0.00
7.84 0.00
7.84 0.00
7.84 0.00
7.84 0.00
7.84 0.00
7.85 0.00
7.85 0.00
7.85 0.00
7.85 0.00
7.86 0.00
7.86 0.00
7.86 0.00
7.86 0.00
7.87 0.00
7.87 0.00
7.87 0.00
7.87 0.00
7.87 0.00
7.88 0.00
7.88 0.00
7.88 0.00
7.88 0.00
7.89 0.00
7.89 0.00
7.89 0.00
7.89 0.00
7.90 0.00
7.90 0.00
7.90 0.00
7.91 0.00
7.91 0.00
7.91 0.00
7.91 0.00
7.92 0.00
7.92 0.00
7.92 0.00
7.92 0.00
7.93 0.00
7.93 0.00
7.93 0.00
7.93 0.00
7.94 0.00
7.94 0.00
7.94 0.00
7.94 0.00
7.95 0.00
7.95 0.00
7.95 0.00
7.95 0.00
7.95 0.00
7.96 0.00
7.96 0.00
7.96 0.00
7.97 0.00
7.97 0.00
7.97 0.00
7.97 0.00
7.98 0.00
7.98 0.00
7.98 0.00
7.98 0.00
7.99 0.00
7.99 0.00
7.99 0.00
7.99 0.00
7.99 0.00
8.00 0.00
8.00 0.00
8.00 0.00
8.01 0.00
8.01 0.00
8.01 0.00
8.01 0.00
8.02 0.00
8.02 0.00
8.02 0.00
8.02 0.00
8.03 0.00
8.03 0.00
8.03 0.00
8.04 0.00
8.04 0.00
8.04 0.00
8.04 0.00
8.05 0.00
8.05 0.00
8.05 0.00
8.05 0.01
8.06 0.07
8.06 0.14
8.06 0.21
8.06 0.30
8.07 0.47
8.07 0.55
8.07 0.60
8.07 0.62
8.08 0.62
8.08 0.61
8.08 0.61
8.09 0.61
8.09 0.50
8.09 0.41
8.09 0.35
8.10 0.29
8.10 0.25
8.10 0.20
8.11 0.15
8.11 0.09
8.11 0.03
8.11 0.00
8.12 0.00
8.12 0.00
8.12 0.00
8.12 0.00
8.13 0.00
8.13 0.00
8.13 0.00
8.13 0.00
8.14 0.00
8.14 0.00
8.14 0.00
8.15 0.00
8.15 0.00
8.15 0.00
8.15 0.00
8.16 0.00
8.16 0.00
8.16 0.00
8.16 0.00
8.17 0.00
8.17 0.00
8.17 0.00
8.18 0.00
8.18 0.00
8.18 0.00
8.18 0.00
8.19 0.00
8.19 0.00
8.19 0.00
8.19 0.00
8.20 0.00
8.20 0.00
8.20 0.00
8.20 0.00
8.21 0.00
8.21 0.00
8.21 0.00
8.21 0.00
8.22 0.00
8.22 0.00
8.22 0.00
8.23 0.00
8.23 0.00
8.23 0.00
8.23 0.00
8.24 0.00
8.24 0.00
8.24 0.00
8.24 0.00
8.25 0.00
8.25 0.00
8.25 0.00
8.25 0.00
8.26 0.00
8.26 0.00
8.26 0.00
8.27 0.00
8.27 0.00
8.27 0.00
8.27 0.00
8.28 0.00
8.28 0.00
8.28 0.00
8.28 0.00
8.29 0.00
8.29 0.00
8.29 0.00
8.30 0.00
8.30 0.00
8.30 0.00
8.30 0.00
8.31 0.00
8.31 0.00
8.31 0.00
8.32 0.00
8.32 0.00
8.32 0.00
8.32 0.00
8.33 0.00
8.33 0.00
8.33 0.00
8.33 0.00
8.34 0.00
8.34 0.00
8.34 0.00
8.35 0.00
8.35 0.00
8.35 0.00
8.35 0.00
8.36 0.00
8.36 0.00
8.36 0.00
8.37 0.00
8.37 0.00
8.37 0.00
8.37 0.00
8.38 0.00
8.38 0.00
8.38 0.00
8.38 0.00
8.39 0.00
8.39 0.00
8.39 0.00
8.39 0.00
8.40 0.00
8.40 0.00
8.40 0.00
8.41 0.00
8.41 0.00
8.41 0.00
8.41 0.00
8.42 0.00
8.42 0.00
8.42 0.00
8.42 0.00
8.43 0.00
8.43 0.00
8.43 0.00
8.44 0.00
8.44 0.00
8.44 0.00
8.44 0.00
8.45 0.00
8.45 0.00
8.45 0.00
8.46 0.00
8.46 0.00
8.46 0.00
8.46 0.00
8.47 0.00
8.47 0.00
8.47 0.00
8.47 0.00
8.48 0.00
8.48 0.00
8.48 0.00
8.49 0.00
8.49 0.00
8.49 0.00
8.49 0.00
8.50 0.00
8.50 0.00
8.50 0.00
8.50 0.00
8.51 0.00
8.51 0.00
8.51 0.00
8.52 0.00
8.52 0.00
8.52 0.00
8.52 0.00
8.53 0.00
8.53 0.00
8.53 0.00
8.54 0.00
8.54 0.00
8.54 0.00
8.54 0.00
8.55 0.00
8.55 0.00
8.55 0.00
8.56 0.00
8.56 0.00
8.56 0.00
8.56 0.00
8.57 0.00
8.57 0.00
8.57 0.00
8.57 0.00
8.58 0.00
8.58 0.00
8.58 0.00
8.59 0.00
8.59 0.00
8.59 0.00
8.60 0.00
8.60 0.00
8.60 0.00
8.60 0.00
8.61 0.00
8.61 0.00
8.61 0.00
8.62 0.00
8.62 0.00
8.62 0.00
8.62 0.00
8.63 0.00
8.63 0.00
8.63 0.00
8.64 0.00
8.64 0.00
8.64 0.00
8.64 0.00
8.65 0.00
8.65 0.00
8.65 0.00
8.66 0.00
8.66 0.00
8.66 0.00
8.66 0.00
8.67 0.00
8.67 0.00
8.67 0.00
8.68 0.00
8.68 0.00
8.68 0.00
8.68 0.00
8.69 0.00
8.69 0.00
8.69 0.00
8.70 0.00
8.70 0.00
8.70 0.00
8.70 0.00
8.71 0.00
8.71 0.00
