2.61 0.00
2.60 0.71
2.60 0.84
2.60 0.88
2.60 0.97
2.60 1.00
2.60 1.00
2.60 1.00
2.61 0.90
2.61 0.74
2.61 0.64
2.61 0.57
2.61 0.50
2.61 0.36
2.61 0.27
2.62 0.27
2.62 0.31
2.62 0.35
2.62 0.29
2.62 0.24
2.62 0.19
2.62 0.18
2.62 0.20
2.63 0.20
2.63 0.20
2.63 0.20
2.63 0.22
2.63 0.23
2.63 0.22
2.63 0.22
2.63 0.23
2.63 0.23
2.64 0.23
2.64 0.24
2.64 0.24
2.64 0.24
2.64 0.24
2.64 0.24
2.64 0.22
2.65 0.20
2.65 0.19
2.65 0.17
2.65 0.16
2.65 0.14
2.65 0.12
2.65 0.11
2.65 0.10
2.66 0.10
2.66 0.11
2.66 0.12
2.66 0.12
2.66 0.13
2.66 0.14
2.66 0.14
2.67 0.14
2.67 0.14
2.67 0.12
2.67 0.11
2.67 0.11
2.67 0.12
2.67 0.11
2.68 0.11
2.68 0.12
2.68 0.13
2.68 0.14
2.68 0.17
2.69 0.18
2.69 0.19
2.69 0.20
2.69 0.21
2.69 0.23
2.69 0.25
2.69 0.26
2.70 0.26
2.70 0.27
2.70 0.29
2.70 0.30
2.70 0.30
2.71 0.29
2.71 0.27
2.71 0.25
2.71 0.22
2.71 0.19
2.71 0.18
2.71 0.17
2.72 0.16
2.72 0.16
2.72 0.16
2.72 0.19
2.72 0.22
2.72 0.25
2.73 0.28
2.73 0.33
2.73 0.34
2.73 0.36
2.73 0.36
2.74 0.37
2.74 0.37
2.74 0.37
2.74 0.35
2.74 0.30
2.75 0.26
2.75 0.23
2.75 0.21
2.75 0.20
2.75 0.18
2.76 0.18
2.76 0.18
2.76 0.18
2.76 0.19
2.76 0.21
2.77 0.23
2.77 0.24
2.77 0.24
2.77 0.23
2.77 0.21
2.77 0.21
2.78 0.22
2.78 0.20
2.78 0.18
2.78 0.17
2.78 0.17
2.79 0.17
2.79 0.17
2.79 0.18
2.79 0.19
2.79 0.19
2.80 0.19
2.80 0.20
2.80 0.20
2.80 0.20
2.80 0.20
2.81 0.22
2.81 0.21
2.81 0.22
2.81 0.23
2.81 0.24
2.82 0.24
2.82 0.25
2.82 0.25
2.82 0.24
2.82 0.22
2.83 0.21
2.83 0.18
2.83 0.16
2.83 0.18
2.83 0.19
2.84 0.20
2.84 0.20
2.84 0.20
2.84 0.21
2.84 0.21
2.85 0.22
2.85 0.19
2.85 0.17
2.85 0.14
2.86 0.12
2.86 0.11
2.86 0.10
2.86 0.10
2.86 0.11
2.87 0.12
2.87 0.13
2.87 0.12
2.87 0.12
2.87 0.11
2.88 0.11
2.88 0.11
2.88 0.10
2.88 0.10
2.89 0.10
2.89 0.11
2.89 0.13
2.89 0.16
2.89 0.19
2.90 0.21
2.90 0.22
2.90 0.22
2.90 0.24
2.90 0.25
2.91 0.25
2.91 0.24
2.91 0.22
2.91 0.20
2.92 0.19
2.92 0.18
2.92 0.18
2.92 0.17
2.92 0.17
2.93 0.18
2.93 0.21
2.93 0.21
2.93 0.21
2.94 0.20
2.94 0.19
2.94 0.18
2.94 0.18
2.94 0.17
2.95 0.16
2.95 0.15
2.95 0.16
2.95 0.17
2.96 0.19
2.96 0.19
2.96 0.18
2.96 0.17
2.97 0.16
2.97 0.14
2.97 0.12
2.97 0.10
2.97 0.07
2.98 0.05
2.98 0.05
2.98 0.06
2.98 0.05
2.99 0.03
2.99 0.03
2.99 0.05
2.99 0.07
2.99 0.08
3.00 0.08
3.00 0.08
3.00 0.08
3.00 0.10
3.01 0.11
3.01 0.10
3.01 0.10
3.01 0.09
3.02 0.09
3.02 0.08
3.02 0.08
3.02 0.07
3.03 0.06
3.03 0.07
3.03 0.08
3.03 0.08
3.04 0.08
3.04 0.09
3.04 0.11
3.04 0.13
3.04 0.15
3.05 0.16
3.05 0.16
3.05 0.17
3.05 0.17
3.06 0.18
3.06 0.18
3.06 0.17
3.06 0.16
3.07 0.15
3.07 0.13
3.07 0.11
3.07 0.08
3.08 0.05
3.08 0.03
3.08 0.00
3.08 0.00
3.09 0.00
3.09 0.00
3.09 0.02
3.09 0.04
3.10 0.06
3.10 0.08
3.10 0.10
3.11 0.12
3.11 0.13
3.11 0.13
3.11 0.11
3.12 0.09
3.12 0.08
3.12 0.08
3.12 0.08
3.12 0.07
3.13 0.05
3.13 0.03
3.13 0.04
3.13 0.05
3.14 0.06
3.14 0.07
3.14 0.09
3.14 0.08
3.15 0.09
3.15 0.10
3.15 0.09
3.16 0.08
3.16 0.07
3.16 0.05
3.16 0.03
3.17 0.02
3.17 0.02
3.17 0.03
3.17 0.05
3.18 0.06
3.18 0.07
3.18 0.07
3.18 0.08
3.19 0.08
3.19 0.08
3.19 0.07
3.19 0.06
3.20 0.05
3.20 0.04
3.20 0.04
3.21 0.05
3.21 0.07
3.21 0.08
3.21 0.08
3.22 0.08
3.22 0.08
3.22 0.08
3.22 0.08
3.23 0.08
3.23 0.09
3.23 0.10
3.24 0.11
3.24 0.13
3.24 0.15
3.24 0.16
3.25 0.19
3.25 0.21
3.25 0.22
3.25 0.23
3.26 0.24
3.26 0.23
3.26 0.23
3.26 0.25
3.27 0.25
3.27 0.23
3.27 0.20
3.27 0.17
3.27 0.14
3.28 0.12
3.28 0.11
3.28 0.08
3.28 0.06
3.29 0.06
3.29 0.06
3.29 0.07
3.29 0.08
3.30 0.08
3.30 0.08
3.30 0.07
3.30 0.07
3.30 0.05
3.30 0.03
3.31 0.02
3.31 0.01
3.31 0.00
3.31 0.00
3.31 0.00
3.32 0.00
3.32 0.00
3.32 0.00
3.32 0.01
3.32 0.03
3.33 0.03
3.33 0.04
3.33 0.04
3.33 0.04
3.33 0.04
3.33 0.06
3.34 0.05
3.34 0.05
3.34 0.05
3.34 0.06
3.34 0.07
3.34 0.08
3.35 0.09
3.35 0.09
3.35 0.09
3.35 0.10
3.35 0.10
3.35 0.09
3.35 0.09
3.35 0.09
3.36 0.10
3.36 0.10
3.36 0.11
3.36 0.12
3.36 0.13
3.36 0.14
3.36 0.14
3.36 0.14
3.37 0.12
3.37 0.11
3.37 0.10
3.37 0.08
3.37 0.06
3.37 0.06
3.37 0.06
3.37 0.05
3.38 0.05
3.38 0.05
3.38 0.05
3.38 0.05
3.38 0.05
3.38 0.05
3.38 0.05
3.38 0.06
3.39 0.07
3.39 0.07
3.39 0.08
3.39 0.09
3.39 0.10
3.39 0.10
3.39 0.09
3.40 0.09
3.40 0.09
3.40 0.09
3.40 0.09
3.40 0.08
3.40 0.07
3.41 0.07
3.41 0.07
3.41 0.07
3.41 0.08
3.42 0.09
3.42 0.10
3.42 0.09
3.42 0.09
3.42 0.10
3.42 0.11
3.43 0.12
3.43 0.11
3.43 0.10
3.43 0.08
3.44 0.07
3.44 0.06
3.44 0.04
3.44 0.03
3.45 0.02
3.45 0.01
3.45 0.01
3.46 0.02
3.46 0.04
3.46 0.05
3.46 0.06
3.47 0.08
3.47 0.09
3.47 0.09
3.47 0.09
3.48 0.08
3.48 0.07
3.48 0.07
3.48 0.08
3.49 0.09
3.49 0.10
3.49 0.09
3.49 0.10
3.50 0.11
3.50 0.10
3.50 0.09
3.50 0.07
3.51 0.05
3.51 0.03
3.51 0.02
3.51 0.02
3.52 0.02
3.52 0.03
3.52 0.04
3.52 0.04
3.53 0.04
3.53 0.03
3.53 0.03
3.53 0.03
3.54 0.03
3.54 0.05
3.54 0.09
3.55 0.11
3.55 0.13
3.55 0.15
3.55 0.17
3.56 0.19
3.56 0.20
3.56 0.20
3.56 0.15
3.57 0.13
3.57 0.12
3.57 0.11
3.57 0.10
3.57 0.09
3.58 0.07
3.58 0.05
3.58 0.05
3.58 0.05
3.59 0.04
3.59 0.04
3.59 0.02
3.59 0.02
3.59 0.01
3.59 0.01
3.59 0.00
3.60 0.00
3.60 0.00
3.60 0.00
3.60 0.00
3.60 0.00
3.60 0.00
3.60 0.00
3.60 0.00
3.61 0.00
3.61 0.01
3.61 0.01
3.61 0.02
3.61 0.02
3.61 0.02
3.61 0.02
3.61 0.01
3.61 0.00
3.61 0.00
3.61 0.00
3.61 0.00
3.61 0.00
3.61 0.00
3.61 0.00
3.61 0.00
3.61 0.00
3.61 0.00
3.61 0.00
3.61 0.00
3.61 0.00
3.61 0.00
3.61 0.00
3.61 0.00
3.61 0.00
3.61 0.00
3.61 0.00
3.60 0.00
3.60 0.00
3.60 0.00
3.60 0.00
3.60 0.00
3.60 0.00
3.60 0.00
3.60 0.00
3.60 0.00
3.59 0.01
3.59 0.03
3.59 0.03
3.59 0.03
3.59 0.03
3.59 0.03
3.59 0.03
3.58 0.02
3.58 0.01
3.58 0.00
3.58 0.00
3.58 0.00
3.58 0.00
3.57 0.00
3.57 0.00
3.57 0.00
3.57 0.00
3.57 0.00
3.56 0.00
3.56 0.02
3.56 0.02
3.56 0.01
3.56 0.00
3.56 0.00
3.55 0.00
3.55 0.00
3.55 0.00
3.55 0.00
3.55 0.00
3.55 0.00
3.55 0.00
3.55 0.00
3.55 0.00
3.55 0.00
3.54 0.00
3.54 0.00
3.54 0.00
3.54 0.00
3.54 0.01
3.54 0.01
3.54 0.01
3.54 0.02
3.54 0.02
3.54 0.01
3.54 0.00
3.54 0.00
3.54 0.00
3.54 0.00
3.54 0.00
3.55 0.00
3.55 0.00
3.55 0.00
3.55 0.00
3.55 0.00
3.55 0.00
3.55 0.00
3.55 0.00
3.55 0.00
3.55 0.00
3.55 0.00
3.55 0.00
3.55 0.00
3.55 0.00
3.55 0.00
3.55 0.00
3.55 0.00
3.55 0.00
3.55 0.00
3.56 0.00
3.56 0.00
3.56 0.00
3.56 0.00
3.56 0.00
3.56 0.00
3.56 0.00
3.56 0.00
3.56 0.00
3.56 0.00
3.56 0.00
3.56 0.00
3.56 0.00
3.57 0.00
3.57 0.00
3.57 0.00
3.57 0.00
3.57 0.00
3.57 0.00
3.57 0.00
3.57 0.00
3.57 0.00
3.58 0.00
3.58 0.00
3.58 0.00
3.58 0.00
3.58 0.00
3.58 0.00
3.58 0.00
3.58 0.00
3.59 0.00
3.59 0.00
3.59 0.00
3.59 0.00
3.59 0.00
3.59 0.00
3.59 0.00
3.59 0.00
3.59 0.00
3.59 0.00
3.60 0.00
3.60 0.00
3.60 0.00
3.60 0.00
3.60 0.00
3.60 0.00
3.61 0.00
3.61 0.00
3.61 0.00
3.61 0.00
3.61 0.00
3.61 0.00
3.61 0.00
3.61 0.00
3.61 0.00
3.62 0.02
3.62 0.03
3.62 0.03
3.62 0.04
3.62 0.04
3.62 0.04
3.62 0.04
3.62 0.03
3.63 0.01
3.63 0.02
3.63 0.02
3.63 0.02
3.63 0.03
3.63 0.03
3.63 0.03
3.64 0.03
3.64 0.03
3.64 0.01
3.64 0.00
3.64 0.00
3.64 0.00
3.64 0.00
3.64 0.00
3.65 0.00
3.65 0.00
3.65 0.00
3.65 0.01
3.65 0.03
3.65 0.04
3.65 0.05
3.66 0.07
3.66 0.10
3.66 0.11
3.66 0.12
3.66 0.12
3.66 0.11
3.66 0.10
3.66 0.09
3.67 0.10
3.67 0.07
3.67 0.05
3.67 0.03
3.67 0.02
3.67 0.00
3.67 0.00
3.68 0.00
3.68 0.00
3.68 0.00
3.68 0.00
3.68 0.00
3.68 0.00
3.68 0.00
3.68 0.00
3.69 0.00
3.69 0.00
3.69 0.00
3.69 0.00
3.69 0.00
3.69 0.00
3.69 0.02
3.70 0.03
3.70 0.04
3.70 0.05
3.70 0.06
3.70 0.06
3.70 0.06
3.70 0.06
3.70 0.06
3.71 0.06
3.71 0.06
3.71 0.06
3.71 0.06
3.71 0.06
3.71 0.06
3.71 0.07
3.72 0.07
3.72 0.06
3.72 0.06
3.72 0.06
3.72 0.07
3.72 0.08
3.72 0.09
3.73 0.08
3.73 0.07
3.73 0.08
3.73 0.08
3.73 0.08
3.73 0.08
3.74 0.09
3.74 0.07
3.74 0.06
3.74 0.06
3.74 0.04
3.74 0.02
3.75 0.00
3.75 0.00
3.75 0.00
3.75 0.00
3.75 0.00
3.75 0.00
3.75 0.00
3.75 0.00
3.75 0.00
3.76 0.00
3.76 0.00
3.76 0.00
3.76 0.00
3.76 0.00
3.76 0.00
3.76 0.00
3.76 0.00
3.76 0.00
3.77 0.00
3.77 0.00
3.77 0.00
3.77 0.00
3.77 0.00
3.77 0.00
3.77 0.00
3.77 0.00
3.77 0.00
3.78 0.00
3.78 0.00
3.78 0.00
3.78 0.00
3.78 0.00
3.78 0.00
3.78 0.00
3.78 0.00
3.78 0.00
3.78 0.00
3.78 0.00
3.78 0.00
3.79 0.00
3.79 0.00
3.79 0.00
3.79 0.00
3.79 0.00
3.79 0.00
3.79 0.00
3.79 0.00
3.79 0.00
3.79 0.00
3.79 0.01
3.79 0.02
3.80 0.02
3.80 0.01
3.80 0.00
3.80 0.00
3.80 0.02
3.80 0.03
3.80 0.03
3.80 0.04
3.80 0.05
3.80 0.07
3.80 0.09
3.80 0.10
3.81 0.10
3.81 0.11
3.81 0.10
3.81 0.09
3.81 0.07
3.81 0.05
3.81 0.04
3.81 0.03
3.81 0.02
3.81 0.01
3.81 0.01
3.81 0.01
3.81 0.01
3.81 0.01
3.81 0.01
3.81 0.00
3.82 0.00
3.82 0.00
3.82 0.00
3.82 0.00
3.82 0.00
3.82 0.00
3.82 0.00
3.82 0.00
3.82 0.00
3.82 0.00
3.82 0.00
3.82 0.00
3.82 0.00
3.82 0.00
3.82 0.00
3.83 0.00
3.83 0.00
3.83 0.00
3.83 0.00
3.83 0.00
3.83 0.00
3.83 0.00
3.83 0.00
3.83 0.00
3.83 0.00
3.83 0.00
3.83 0.00
3.84 0.00
3.84 0.00
3.84 0.00
3.84 0.00
3.84 0.00
3.84 0.00
3.84 0.00
3.84 0.00
3.84 0.00
3.84 0.00
3.84 0.00
3.85 0.00
3.85 0.00
3.85 0.00
3.85 0.00
3.85 0.00
3.85 0.00
3.85 0.00
3.85 0.00
3.86 0.00
3.86 0.00
3.86 0.00
3.86 0.00
3.86 0.00
3.86 0.00
3.86 0.00
3.86 0.00
3.86 0.00
3.86 0.00
3.87 0.00
3.87 0.00
3.87 0.00
3.87 0.00
3.87 0.00
3.87 0.00
3.87 0.00
3.87 0.00
3.87 0.00
3.87 0.00
3.88 0.00
3.88 0.00
3.88 0.00
3.88 0.00
3.88 0.00
3.88 0.00
3.88 0.00
3.88 0.00
3.89 0.00
3.89 0.00
3.89 0.00
3.89 0.00
3.89 0.00
3.89 0.00
3.89 0.00
3.89 0.00
3.90 0.00
3.90 0.00
3.90 0.00
3.90 0.00
3.90 0.00
3.90 0.00
3.90 0.00
3.90 0.00
3.91 0.00
3.91 0.00
3.91 0.00
3.91 0.00
3.91 0.00
3.91 0.00
3.91 0.00
3.92 0.00
3.92 0.00
3.92 0.00
3.92 0.00
3.92 0.00
3.92 0.00
3.93 0.00
3.93 0.00
3.93 0.00
3.93 0.00
3.94 0.00
3.94 0.00
3.94 0.00
3.94 0.00
3.95 0.00
3.95 0.00
3.95 0.00
3.95 0.00
3.96 0.00
3.96 0.00
3.96 0.00
3.96 0.00
3.97 0.00
3.97 0.00
3.97 0.00
3.97 0.00
3.98 0.00
3.98 0.00
3.98 0.00
3.98 0.00
3.99 0.00
3.99 0.00
3.99 0.00
4.00 0.00
4.00 0.00
4.00 0.00
4.00 0.00
4.01 0.00
4.01 0.00
4.01 0.00
4.02 0.00
4.02 0.00
4.02 0.00
4.02 0.00
4.03 0.00
4.03 0.00
4.03 0.00
4.03 0.00
4.04 0.00
4.04 0.00
4.04 0.00
4.04 0.00
4.05 0.00
4.05 0.00
4.05 0.00
4.05 0.00
4.06 0.00
4.06 0.00
4.06 0.00
4.06 0.00
4.07 0.00
4.07 0.00
4.07 0.00
4.07 0.00
4.08 0.00
4.08 0.00
4.08 0.00
4.09 0.00
4.09 0.00
4.09 0.00
4.09 0.00
4.09 0.00
4.10 0.00
4.10 0.00
4.10 0.00
4.10 0.00
4.11 0.00
4.11 0.00
4.11 0.00
4.12 0.00
4.12 0.00
4.12 0.00
4.12 0.00
4.13 0.00
4.13 0.00
4.13 0.00
4.14 0.00
4.14 0.00
4.14 0.00
4.14 0.00
4.14 0.00
4.15 0.00
4.15 0.00
4.15 0.00
4.15 0.00
4.15 0.00
4.15 0.00
4.16 0.00
4.16 0.00
4.16 0.00
4.16 0.00
4.16 0.00
4.16 0.00
4.17 0.00
4.17 0.00
4.17 0.00
4.17 0.00
4.17 0.00
4.17 0.00
4.18 0.00
4.18 0.00
4.18 0.00
4.18 0.00
4.18 0.00
4.18 0.00
4.18 0.00
4.18 0.01
4.18 0.01
4.18 0.00
4.18 0.00
4.18 0.00
4.18 0.00
4.18 0.00
4.19 0.00
4.19 0.00
4.19 0.00
4.19 0.00
4.19 0.00
4.19 0.00
4.19 0.00
4.19 0.00
4.19 0.00
4.19 0.00
4.19 0.00
4.19 0.00
4.20 0.00
4.20 0.00
4.20 0.00
4.20 0.00
4.20 0.00
4.20 0.00
4.20 0.00
4.20 0.00
4.20 0.00
4.20 0.00
4.20 0.00
4.21 0.00
4.21 0.00
4.21 0.00
4.21 0.00
4.21 0.00
4.21 0.00
4.21 0.00
4.21 0.00
4.21 0.00
4.21 0.00
4.22 0.00
4.22 0.00
4.22 0.00
4.22 0.00
4.22 0.00
4.22 0.00
4.22 0.00
4.22 0.00
4.22 0.00
4.23 0.00
4.23 0.00
4.23 0.00
4.23 0.00
4.23 0.00
4.23 0.00
4.23 0.00
4.23 0.00
4.23 0.00
4.23 0.00
4.24 0.00
4.24 0.00
4.24 0.00
4.24 0.00
4.24 0.00
4.24 0.00
4.24 0.00
4.24 0.00
4.25 0.00
4.25 0.00
4.25 0.00
4.25 0.00
4.25 0.00
4.25 0.00
4.25 0.00
4.25 0.00
4.26 0.00
4.26 0.00
4.26 0.00
4.26 0.00
4.26 0.00
4.26 0.00
4.26 0.00
4.26 0.00
4.26 0.00
4.26 0.00
4.26 0.00
4.26 0.00
4.27 0.00
4.27 0.00
4.27 0.00
4.27 0.00
4.27 0.00
4.27 0.00
4.27 0.00
4.27 0.00
4.27 0.00
4.27 0.00
4.27 0.00
4.28 0.00
4.28 0.00
4.28 0.00
4.28 0.00
4.28 0.00
4.28 0.00
4.28 0.00
4.28 0.00
4.29 0.00
4.29 0.00
4.29 0.00
4.29 0.00
4.29 0.00
4.29 0.00
4.30 0.00
4.30 0.00
4.30 0.00
4.30 0.00
4.30 0.00
4.31 0.00
4.31 0.00
4.31 0.00
4.31 0.00
4.31 0.00
4.32 0.00
4.32 0.00
4.32 0.00
4.32 0.00
4.32 0.00
4.33 0.00
4.33 0.00
4.33 0.00
4.33 0.00
4.34 0.00
4.34 0.00
4.34 0.00
4.34 0.00
4.34 0.00
4.35 0.00
4.35 0.00
4.35 0.00
4.35 0.00
4.36 0.00
4.36 0.00
4.36 0.00
4.36 0.00
4.37 0.00
4.37 0.00
4.37 0.00
4.37 0.00
4.38 0.00
4.38 0.00
4.38 0.00
4.38 0.00
4.38 0.00
4.39 0.00
4.39 0.00
4.39 0.00
4.39 0.00
4.40 0.00
4.40 0.00
4.40 0.00
4.40 0.00
4.41 0.00
4.41 0.00
4.41 0.00
4.41 0.00
4.42 0.00
4.42 0.00
4.42 0.00
4.43 0.00
4.43 0.00
4.43 0.00
4.43 0.00
4.44 0.00
4.44 0.00
4.44 0.00
4.44 0.00
4.45 0.00
4.45 0.00
4.45 0.00
4.46 0.00
4.46 0.00
4.46 0.00
4.46 0.00
4.47 0.00
4.47 0.00
4.47 0.00
4.48 0.00
4.48 0.00
4.48 0.00
4.48 0.00
4.49 0.00
4.49 0.00
4.49 0.00
4.50 0.00
4.50 0.00
4.50 0.00
4.50 0.00
4.51 0.00
4.52 0.00
4.52 0.00
4.52 0.00
4.52 0.00
4.53 0.00
4.53 0.00
4.53 0.00
4.54 0.00
4.54 0.00
4.54 0.00
4.54 0.00
4.55 0.00
4.55 0.00
4.55 0.00
4.56 0.00
4.56 0.00
4.56 0.00
4.57 0.00
4.57 0.00
4.57 0.00
4.58 0.01
4.58 0.02
4.58 0.03
4.58 0.04
4.59 0.05
4.59 0.05
4.60 0.04
4.60 0.03
4.60 0.02
4.61 0.00
4.61 0.00
4.61 0.00
4.62 0.00
4.62 0.00
4.62 0.00
4.63 0.00
4.63 0.00
4.63 0.00
4.64 0.00
4.64 0.00
4.64 0.00
4.64 0.00
4.65 0.00
4.65 0.00
4.66 0.00
4.66 0.00
4.66 0.00
4.67 0.00
4.67 0.00
4.67 0.00
4.68 0.00
4.68 0.00
4.69 0.00
4.69 0.00
4.69 0.00
4.70 0.00
4.70 0.00
4.70 0.00
4.71 0.00
4.71 0.00
4.71 0.00
4.72 0.00
4.72 0.00
4.72 0.00
4.73 0.00
4.73 0.00
4.74 0.00
4.74 0.00
4.74 0.00
4.75 0.00
4.75 0.00
4.76 0.00
4.76 0.00
4.76 0.00
4.77 0.00
4.77 0.00
4.78 0.00
4.78 0.00
4.78 0.00
4.79 0.00
4.79 0.00
4.79 0.00
4.80 0.00
4.80 0.00
4.81 0.00
4.81 0.00
4.81 0.00
4.82 0.00
4.82 0.00
4.83 0.00
4.83 0.00
4.84 0.00
4.84 0.00
4.84 0.00
4.85 0.00
4.85 0.00
4.86 0.00
4.86 0.00
4.86 0.00
4.87 0.00
4.87 0.00
4.88 0.00
4.88 0.02
4.88 0.03
4.89 0.04
4.89 0.06
4.90 0.07
4.90 0.07
4.91 0.06
4.91 0.05
4.91 0.03
4.92 0.02
4.92 0.01
4.93 0.00
4.93 0.00
4.94 0.00
4.94 0.00
4.94 0.00
4.95 0.00
4.95 0.00
4.96 0.00
4.96 0.00
4.96 0.00
4.97 0.00
4.97 0.00
4.98 0.00
4.98 0.00
4.99 0.00
4.99 0.00
4.99 0.00
5.00 0.00
5.00 0.00
5.01 0.00
5.01 0.00
5.02 0.00
5.02 0.00
5.03 0.00
5.03 0.00
5.04 0.00
5.04 0.00
5.04 0.00
5.05 0.00
5.05 0.00
5.06 0.00
5.06 0.00
5.07 0.00
5.07 0.00
5.07 0.00
5.08 0.00
5.08 0.00
5.09 0.00
5.09 0.00
5.10 0.00
5.10 0.00
5.10 0.00
5.11 0.00
5.11 0.00
5.12 0.00
5.12 0.00
5.12 0.00
5.13 0.00
5.13 0.00
5.14 0.00
5.14 0.00
5.15 0.00
5.15 0.00
5.16 0.00
5.16 0.00
5.16 0.00
5.17 0.00
5.17 0.00
5.18 0.00
5.18 0.00
5.19 0.00
5.19 0.00
5.20 0.00
5.20 0.00
5.20 0.00
5.21 0.00
5.21 0.00
5.22 0.00
5.22 0.00
5.23 0.00
5.23 0.00
5.24 0.00
5.24 0.00
5.24 0.00
5.25 0.00
5.25 0.00
5.26 0.00
5.26 0.00
5.27 0.00
5.27 0.00
5.28 0.00
5.28 0.00
5.28 0.00
5.29 0.00
5.29 0.00
5.30 0.00
5.30 0.00
5.31 0.00
5.31 0.00
5.31 0.00
5.32 0.00
5.32 0.00
5.33 0.00
5.33 0.00
5.34 0.00
5.34 0.00
5.35 0.00
5.35 0.00
5.35 0.00
5.36 0.00
5.36 0.00
5.37 0.00
5.37 0.00
5.38 0.00
5.38 0.00
5.39 0.00
5.39 0.00
5.41 0.00
5.41 0.00
5.41 0.00
5.42 0.00
5.42 0.00
5.43 0.00
5.43 0.00
5.43 0.00
5.44 0.00
5.44 0.00
5.45 0.00
5.45 0.00
5.45 0.00
5.46 0.00
5.46 0.00
5.47 0.00
5.47 0.00
5.47 0.00
5.48 0.00
5.48 0.00
5.49 0.00
5.49 0.00
5.50 0.00
5.50 0.00
5.50 0.00
5.51 0.00
5.51 0.00
5.52 0.00
5.52 0.00
5.52 0.00
5.53 0.00
5.53 0.00
5.54 0.00
5.54 0.00
5.54 0.00
5.55 0.00
5.55 0.00
5.56 0.00
5.56 0.00
5.56 0.00
5.57 0.00
5.57 0.00
5.58 0.00
5.58 0.00
5.58 0.00
5.59 0.00
5.59 0.00
5.60 0.00
5.60 0.00
5.60 0.00
5.61 0.00
5.61 0.00
5.61 0.00
5.62 0.00
5.62 0.00
5.62 0.00
5.63 0.00
5.63 0.00
5.64 0.00
5.64 0.00
5.64 0.00
5.65 0.00
5.65 0.00
5.66 0.00
5.66 0.00
5.66 0.00
5.67 0.00
5.67 0.00
5.68 0.00
5.68 0.00
5.69 0.00
5.69 0.00
5.69 0.00
5.70 0.00
5.70 0.00
5.71 0.00
5.71 0.00
5.71 0.00
5.72 0.00
5.72 0.00
5.72 0.00
5.73 0.00
5.73 0.00
5.74 0.00
5.74 0.00
5.74 0.00
5.75 0.00
5.75 0.00
5.76 0.00
5.76 0.00
5.76 0.00
5.77 0.00
5.77 0.00
5.78 0.00
5.78 0.00
5.79 0.00
5.79 0.00
5.79 0.00
5.80 0.00
5.80 0.00
5.80 0.00
5.81 0.00
5.81 0.00
5.82 0.00
5.82 0.00
5.82 0.00
5.83 0.00
5.83 0.00
5.84 0.00
5.84 0.00
5.84 0.00
5.85 0.00
5.85 0.00
5.86 0.00
5.86 0.00
5.87 0.00
5.87 0.00
5.87 0.00
5.88 0.00
5.88 0.00
5.89 0.00
5.89 0.00
5.89 0.00
5.90 0.00
5.90 0.00
5.91 0.00
5.92 0.00
5.93 0.00
5.93 0.00
5.93 0.00
5.94 0.00
5.94 0.00
5.95 0.00
5.95 0.00
5.95 0.00
5.96 0.00
5.96 0.00
5.97 0.00
5.97 0.00
5.97 0.00
5.98 0.00
5.98 0.00
5.99 0.00
5.99 0.00
5.99 0.00
6.00 0.00
6.00 0.00
6.01 0.00
6.01 0.00
6.02 0.00
6.02 0.00
6.02 0.00
6.03 0.00
6.03 0.00
6.04 0.00
6.04 0.00
6.04 0.00
6.05 0.00
6.05 0.00
6.06 0.00
6.06 0.00
6.07 0.00
6.07 0.00
6.07 0.00
6.08 0.00
6.08 0.00
6.09 0.00
6.09 0.00
6.09 0.00
6.10 0.00
6.10 0.00
6.11 0.00
6.11 0.00
6.11 0.00
6.12 0.00
6.12 0.00
6.13 0.00
6.13 0.00
6.13 0.00
6.14 0.00
6.14 0.00
6.14 0.00
6.15 0.00
6.15 0.00
6.16 0.00
6.16 0.00
6.16 0.00
6.17 0.00
6.17 0.00
6.18 0.00
6.18 0.00
6.18 0.00
6.19 0.00
6.19 0.00
6.19 0.00
6.20 0.00
6.20 0.00
6.21 0.00
6.21 0.00
6.22 0.00
6.22 0.00
6.22 0.00
6.23 0.00
6.23 0.00
6.23 0.00
6.24 0.00
6.24 0.00
6.24 0.00
6.25 0.00
6.25 0.00
6.25 0.00
6.25 0.00
6.26 0.00
6.26 0.00
6.26 0.00
6.27 0.00
6.27 0.00
6.27 0.00
6.28 0.00
6.28 0.00
6.28 0.00
6.29 0.00
6.29 0.00
6.29 0.00
6.29 0.00
6.30 0.00
6.30 0.00
6.30 0.00
6.31 0.00
6.31 0.00
6.31 0.00
6.31 0.00
6.32 0.00
6.32 0.00
6.32 0.00
6.32 0.00
6.33 0.00
6.33 0.00
6.33 0.00
6.33 0.00
6.34 0.00
6.34 0.00
6.34 0.00
6.34 0.00
6.35 0.00
6.35 0.00
6.35 0.00
6.35 0.00
6.36 0.00
6.36 0.00
6.36 0.00
6.36 0.00
6.37 0.00
6.37 0.00
6.37 0.00
6.37 0.00
6.38 0.00
6.38 0.00
6.38 0.00
6.38 0.00
6.38 0.00
6.39 0.00
6.39 0.00
6.39 0.00
6.39 0.00
6.40 0.00
6.40 0.00
6.40 0.00
6.40 0.00
6.41 0.00
6.41 0.00
6.41 0.00
6.41 0.00
6.42 0.00
6.42 0.00
6.42 0.00
6.42 0.00
6.42 0.00
6.43 0.00
6.43 0.00
6.43 0.00
6.43 0.00
6.44 0.00
6.44 0.00
6.44 0.00
6.44 0.00
6.44 0.00
6.45 0.00
6.45 0.00
6.45 0.00
6.45 0.00
6.45 0.00
6.46 0.00
6.46 0.00
6.46 0.00
6.46 0.00
6.46 0.00
6.47 0.00
6.47 0.00
6.47 0.00
6.47 0.00
6.48 0.00
6.48 0.00
6.48 0.00
6.48 0.00
6.48 0.00
6.49 0.00
6.49 0.00
6.49 0.00
6.49 0.00
6.49 0.00
6.50 0.00
6.50 0.00
6.50 0.00
6.50 0.00
6.50 0.00
6.51 0.00
6.51 0.00
6.51 0.00
6.51 0.00
6.52 0.00
6.52 0.00
6.52 0.00
6.52 0.00
6.52 0.00
6.53 0.00
6.53 0.00
6.53 0.00
6.53 0.00
6.53 0.00
6.54 0.00
6.54 0.00
6.54 0.00
6.54 0.00
6.54 0.00
6.55 0.00
6.55 0.00
6.55 0.00
6.55 0.00
6.55 0.00
6.56 0.00
6.56 0.00
6.56 0.00
6.56 0.00
6.56 0.00
6.57 0.00
6.57 0.00
6.57 0.00
6.57 0.00
6.57 0.00
6.58 0.00
6.58 0.00
6.58 0.00
6.58 0.00
6.58 0.00
6.59 0.00
6.59 0.00
6.59 0.00
6.59 0.00
6.59 0.00
6.60 0.00
6.60 0.00
6.60 0.00
6.60 0.00
6.60 0.00
6.61 0.00
6.61 0.00
6.61 0.00
6.61 0.00
6.62 0.00
6.62 0.00
6.62 0.00
6.62 0.00
6.62 0.00
6.63 0.00
6.63 0.00
6.63 0.00
6.63 0.00
6.63 0.00
6.64 0.00
6.64 0.00
6.64 0.00
6.64 0.00
6.64 0.00
6.65 0.00
6.65 0.00
6.65 0.00
6.65 0.00
6.65 0.00
6.66 0.00
6.66 0.00
6.66 0.00
6.66 0.00
6.67 0.00
6.67 0.00
6.67 0.00
6.67 0.00
6.67 0.00
6.68 0.00
6.68 0.00
6.68 0.00
6.68 0.00
6.68 0.00
6.68 0.00
6.68 0.00
6.69 0.00
6.69 0.00
6.69 0.00
6.69 0.00
6.70 0.00
6.70 0.00
6.70 0.00
6.70 0.00
6.70 0.00
6.71 0.00
6.71 0.00
6.71 0.00
6.71 0.00
6.71 0.00
6.72 0.00
6.72 0.00
6.72 0.00
6.72 0.00
6.72 0.00
6.73 0.00
6.73 0.00
6.73 0.00
6.73 0.00
6.74 0.00
6.74 0.00
6.74 0.00
6.74 0.00
6.74 0.00
6.75 0.00
6.75 0.00
6.75 0.00
6.75 0.00
6.75 0.00
6.76 0.00
6.76 0.00
6.76 0.00
6.76 0.00
6.76 0.00
6.77 0.00
6.77 0.00
6.77 0.00
6.77 0.00
6.77 0.00
6.78 0.00
6.78 0.00
6.78 0.00
6.78 0.00
6.78 0.00
6.79 0.00
6.79 0.00
6.79 0.00
6.79 0.00
6.80 0.00
6.80 0.00
6.80 0.00
6.80 0.00
6.80 0.00
6.81 0.00
6.81 0.00
6.81 0.00
6.81 0.00
6.81 0.00
6.82 0.00
6.82 0.00
6.82 0.00
6.82 0.00
6.83 0.00
6.83 0.00
6.83 0.00
6.83 0.00
6.83 0.00
6.84 0.00
6.84 0.00
6.84 0.00
6.84 0.00
6.85 0.00
6.85 0.00
6.85 0.00
6.85 0.00
6.85 0.00
6.86 0.00
6.86 0.00
6.86 0.00
6.86 0.00
6.87 0.00
6.87 0.00
6.87 0.00
6.87 0.00
6.87 0.00
6.88 0.00
6.88 0.00
6.88 0.00
6.88 0.00
6.89 0.00
6.89 0.00
6.89 0.00
6.89 0.00
6.89 0.00
6.90 0.00
6.90 0.00
6.90 0.00
6.90 0.00
6.90 0.00
6.91 0.00
6.91 0.00
6.91 0.00
6.91 0.00
6.92 0.00
6.92 0.00
6.92 0.00
6.92 0.00
6.93 0.00
6.93 0.00
6.93 0.00
6.93 0.00
6.94 0.00
6.94 0.00
6.94 0.00
6.94 0.00
6.94 0.00
6.95 0.00
6.95 0.00
6.95 0.00
6.95 0.00
6.95 0.00
6.96 0.00
6.96 0.00
6.96 0.00
6.96 0.00
6.97 0.00
6.97 0.00
6.97 0.00
6.97 0.00
6.98 0.00
6.98 0.00
6.98 0.00
6.98 0.00
6.99 0.00
6.99 0.00
6.99 0.00
6.99 0.00
7.00 0.00
7.00 0.00
7.00 0.00
7.00 0.00
7.01 0.00
7.01 0.00
7.01 0.00
7.01 0.00
7.02 0.00
7.02 0.00
7.02 0.00
7.02 0.00
7.03 0.00
7.03 0.00
7.03 0.00
7.03 0.00
7.04 0.00
7.04 0.00
7.04 0.00
7.04 0.00
7.05 0.00
7.05 0.00
7.05 0.00
7.05 0.00
7.06 0.00
7.06 0.00
7.06 0.00
7.06 0.00
7.07 0.00
7.07 0.00
7.07 0.00
7.07 0.00
7.08 0.00
7.08 0.00
7.08 0.00
7.08 0.00
7.09 0.00
7.09 0.00
7.09 0.00
7.09 0.00
7.10 0.00
7.10 0.00
7.10 0.00
7.10 0.00
7.11 0.00
7.11 0.00
7.11 0.00
7.11 0.00
7.12 0.00
7.12 0.00
7.12 0.00
7.12 0.00
7.13 0.00
7.13 0.00
7.13 0.00
7.13 0.00
7.14 0.00
7.14 0.00
7.14 0.00
7.14 0.00
7.15 0.00
7.15 0.00
7.15 0.00
7.16 0.00
7.16 0.00
7.16 0.00
7.16 0.00
7.17 0.00
7.17 0.00
7.17 0.00
7.17 0.00
7.18 0.00
7.18 0.00
7.18 0.00
7.19 0.00
7.19 0.00
7.19 0.00
7.19 0.00
7.20 0.00
7.20 0.00
7.20 0.00
7.20 0.00
7.21 0.00
7.21 0.00
7.21 0.00
7.21 0.00
7.22 0.00
7.22 0.00
7.22 0.00
7.22 0.00
7.23 0.00
7.23 0.00
7.23 0.00
7.23 0.00
7.24 0.00
7.24 0.00
7.24 0.00
7.24 0.00
7.25 0.00
7.25 0.00
7.25 0.00
7.26 0.00
7.26 0.00
7.26 0.00
7.26 0.00
7.27 0.00
7.27 0.00
7.27 0.00
7.27 0.00
7.28 0.00
7.28 0.00
7.28 0.00
7.29 0.00
7.29 0.00
7.29 0.00
7.29 0.00
7.30 0.00
7.30 0.00
7.30 0.00
7.30 0.00
7.31 0.00
7.31 0.00
7.31 0.00
7.31 0.00
7.32 0.00
7.32 0.00
7.32 0.00
7.32 0.00
7.33 0.00
7.33 0.00
7.33 0.00
7.33 0.00
7.34 0.00
7.34 0.00
7.34 0.00
7.34 0.00
7.35 0.00
7.35 0.00
7.35 0.00
7.36 0.00
7.36 0.00
7.36 0.00
7.36 0.00
7.37 0.00
7.37 0.00
7.37 0.00
7.37 0.00
7.38 0.00
7.38 0.00
7.38 0.00
7.39 0.00
7.39 0.00
7.39 0.00
7.39 0.00
7.40 0.00
7.40 0.00
7.40 0.00
7.40 0.00
7.41 0.00
7.41 0.00
7.41 0.00
7.41 0.00
7.42 0.00
7.42 0.00
7.42 0.00
7.43 0.00
7.43 0.00
7.43 0.00
7.43 0.00
7.44 0.00
7.44 0.00
7.44 0.00
7.45 0.00
7.45 0.00
7.45 0.00
7.45 0.00
7.46 0.00
7.46 0.00
7.46 0.00
7.46 0.00
7.47 0.00
7.47 0.00
7.47 0.00
7.47 0.00
7.48 0.00
7.48 0.00
7.48 0.00
7.49 0.00
7.49 0.00
7.49 0.00
7.49 0.00
7.50 0.00
7.50 0.00
7.50 0.00
7.50 0.00
7.51 0.00
7.51 0.00
7.51 0.00
7.52 0.00
7.52 0.00
7.52 0.00
7.52 0.00
7.53 0.00
7.53 0.00
7.53 0.00
7.53 0.00
7.54 0.00
7.54 0.00
7.54 0.00
7.54 0.00
7.55 0.00
7.55 0.00
7.55 0.00
7.56 0.00
7.56 0.00
7.56 0.00
7.56 0.00
7.57 0.00
7.57 0.00
7.57 0.00
7.57 0.00
7.58 0.00
7.58 0.00
7.58 0.00
7.59 0.00
7.59 0.00
7.59 0.00
7.60 0.00
7.60 0.00
7.60 0.00
7.60 0.00
7.61 0.00
7.61 0.00
7.61 0.00
7.62 0.00
7.62 0.00
7.62 0.00
7.62 0.00
7.63 0.00
7.63 0.00
7.63 0.00
7.63 0.00
7.64 0.00
7.64 0.00
7.64 0.00
7.64 0.00
7.65 0.00
7.65 0.00
7.65 0.00
7.66 0.00
7.66 0.00
7.66 0.00
7.66 0.00
7.67 0.00
7.67 0.00
7.67 0.00
7.68 0.00
7.68 0.00
7.68 0.00
7.68 0.00
7.69 0.00
7.69 0.00
7.69 0.00
7.70 0.00
7.70 0.00
7.70 0.00
7.70 0.00
7.71 0.00
7.71 0.00
7.71 0.00
7.71 0.00
7.72 0.00
7.72 0.00
7.72 0.00
7.73 0.00
7.73 0.00
7.73 0.00
7.74 0.00
7.74 0.00
7.74 0.00
7.74 0.00
7.75 0.00
7.75 0.00
7.75 0.00
7.75 0.00
7.76 0.00
7.76 0.00
7.76 0.00
7.77 0.00
7.77 0.00
7.77 0.00
7.77 0.00
7.78 0.00
7.78 0.00
7.78 0.00
